16 16
###########.....
#...............
##..............
.....##......#..
.#.#..#......##.
.#.#...###...##.
.#.#............
.#.#######....#.
...........##.##
#.#..####..#....
#.#.............
#..#..#.##...###
................
................
................
DDDDDDDDDDDDDDDD
1 1
53
3 1 0 255 255 1
4 1 0 255 255 3
5 1 255 0 255 -6
6 1 255 255 0 1
7 1 255 255 0 -1
8 1 0 255 255 -2
9 1 255 0 255 3
10 1 255 0 255 3
11 1 0 255 255 -2
2 2 255 0 255 -3
3 3 255 0 0 1
9 3 255 0 255 2
14 3 255 0 255 1
0 5 0 255 0 -1
5 5 255 0 0 -1
6 5 255 0 0 2
0 6 0 255 0 2
14 6 255 255 0 3
0 7 0 255 0 -1
4 10 0 255 0 3
9 10 255 255 0 -3
0 13 0 255 0 -3
1 13 0 255 0 1
2 13 0 255 255 1
3 13 255 0 255 1
4 13 255 255 0 1
5 13 0 255 0 1
6 13 0 255 255 1
7 13 255 0 255 1
8 13 255 255 0 1
9 13 0 255 0 1
10 13 0 255 255 1
11 13 255 0 255 1
12 13 255 255 0 1
13 13 0 255 0 1
14 13 0 255 255 1
15 13 255 0 255 1
0 14 0 255 0 -1
1 14 0 255 255 -3
2 14 255 0 255 -3
3 14 255 255 0 1
4 14 0 255 0 3
5 14 0 255 255 2
6 14 255 0 255 3
7 14 255 255 0 -2
8 14 0 255 0 2
9 14 0 255 255 3
10 14 255 0 255 2
11 14 255 255 0 -3
12 14 0 255 0 3
13 14 0 255 255 2
14 14 255 0 255 1
15 14 255 255 0 -1
