15 16
.#######....#...
.#.......#...#..
.#.#.###....#...
.#.............#
...#....#...#...
...#.........##.
..#..##.##...#..
.....#....#..#..
...#.#....#..#..
.#.#.#....##....
.#.#.#.#..#..##.
...#..###.#...#.
.....######.....
.......#.....##D
..##.......##..#
2 1
20
15 0 255 0 255 1
3 1 127 127 255 1
4 1 255 255 127 1
5 1 0 255 0 3
6 1 0 255 0 -4
2 2 127 127 255 1
2 3 255 255 127 1
4 3 255 255 0 2
12 3 255 0 0 -1
13 3 255 0 255 1
2 4 255 0 0 4
2 5 255 0 0 3
7 6 127 127 255 -1
7 7 255 0 0 -1
14 7 255 255 127 -1
7 9 255 0 0 1
8 9 255 0 0 -3
14 9 0 255 0 1
5 11 255 255 0 2
15 12 255 255 0 -2
