16 16
...........###..
............#...
.........##.....
.########...##..
.............#..
...........#.#..
#..####......#.#
#.##..#######..#
...............#
.....#.........#
.#...#........#.
.#....#######...
.##....#...#....
.#.#..........#.
.#####.#.#.#.###
...............D
0 0
31
1 1 255 0 0 128
2 1 255 0 0 64
3 1 255 0 0 32
4 1 255 0 0 16
5 1 255 0 0 8
6 1 255 0 0 4
7 1 255 0 0 1
8 1 255 0 0 2
0 2 255 0 0 -97
11 2 255 0 0 -22
14 2 255 255 0 3
0 3 127 127 255 1
11 3 255 255 127 1
12 5 255 255 0 2
1 8 255 255 0 2
1 9 255 255 0 -2
6 9 127 127 255 -1
7 9 255 255 0 2
8 9 127 255 127 -2
9 9 127 255 255 1
10 9 255 255 127 -2
11 9 127 255 127 1
12 9 127 255 255 -2
13 9 255 255 127 1
14 9 127 127 255 2
8 12 127 255 127 1
10 12 127 255 255 1
12 12 255 255 127 1
2 13 255 255 0 7
6 14 255 127 127 1
14 15 255 255 0 -7
