13 13
#############
#.........#.#
###.#.#.#.#.#
#...........#
#.#.......#.#
#....#.#....#
#.#...D...#.#
#....#.#....#
#.#.......#.#
#...........#
#.#.#.#.#.###
#.#.........#
#############
1 1
40
2 3 0 1
2 5 1 1
2 7 0 1
2 9 1 1
3 2 0 1
3 4 1 1
3 6 0 1
3 8 1 1
3 10 0 1
4 3 1 1
4 5 0 1
4 7 1 1
4 9 0 1
5 2 1 1
5 4 0 1
5 6 1 -7
5 8 0 1
5 10 1 1
6 3 0 1
6 5 1 -7
6 7 0 -7
6 9 1 1
7 2 0 1
7 4 1 1
7 6 0 -7
7 8 1 1
7 10 0 1
8 3 1 1
8 5 0 1
8 7 1 1
8 9 0 1
9 2 1 1
9 4 0 1
9 6 1 1
9 8 0 1
9 10 1 1
10 3 0 1
10 5 1 1
10 7 0 1
10 9 1 1
