16 16
...........###..
............#...
.........##.....
.########...##..
.............#..
...........#.#..
#..####......#.#
#.##..#######..#
...............#
.....#.........#
.#...#........#.
.#....#######...
.##....#...#....
.#.#..........#.
.#####.#.#.#.###
...............D
0 0
31
1 1 0 128
1 2 0 64
1 3 0 32
1 4 0 16
1 5 0 8
1 6 0 4
1 7 0 1
1 8 0 2
2 0 0 -97
2 11 0 -22
2 14 1 3
3 0 2 1
3 11 3 1
5 12 1 2
8 1 1 2
9 1 1 -2
9 6 2 -1
9 7 1 2
9 8 4 -2
9 9 5 1
9 10 3 -2
9 11 4 1
9 12 5 -2
9 13 3 1
9 14 2 2
12 8 4 1
12 10 5 1
12 12 3 1
13 2 1 7
14 6 0 1
15 14 1 -7
